Dimensions = 6016 4016
Model = CAHV = perspective, linear
C =    2.1261078702    0.0858522242    0.0347777812
A =    0.0234070514   -0.0033110290    0.9997205345
H =  776.9442742876  -23.5724035228 3000.2140409137
V =   59.7166619167  714.0243294724 1958.8057109503
Hs = 706.6353735
Hc = 3017.639608
Vs = 720.6420364
Vc = 1957.291928
# this is hard-coded
Theta = -1.5707963267948966 (-90.0 deg)
