Dimensions = 6016 4016
Model = CAHV = perspective, linear
C =    2.1261078702    0.0858522242    0.0347777812
A =    0.0234070514   -0.0033110290    0.9997205345
H = 1281.4515805279  -33.2730544920 2988.3695831873
V =   69.6468255305 1228.6707434658 1960.2776956553
Hs = 1211.374926
Hc = 3017.639608
Vs = 1235.386348
Vc = 1957.291928
# this is hard-coded
Theta = -1.5707963267948966 (-90.0 deg)
