Dimensions = 6016 4016
Model = CAHV = perspective, linear
C =   -0.0000000000   -0.0000000000   -0.0000000000
A =    0.0000000000    0.0000000000    1.0000000000
H = 1211.3749260000    0.0000000000 3017.6396080000
V =    0.0000000000 1235.3863480000 1957.2919280000
Hs = 1211.374926
Hc = 3017.639608
Vs = 1235.386348
Vc = 1957.291928
# this is hard-coded
Theta = -1.5707963267948966 (-90.0 deg)
